UNITS MM,10000;EDIT proj;
ADD P17 :W0.000000  177.6050,-47.7630 180.9550,-47.7630 180.9550,-27.8030 177.6050,-27.8030;
ADD P17 :W0.000000  170.4800,-27.8030 188.0800,-27.8030 188.0800,-10.2030 170.4800,-10.2030;
ADD P17 :W0.000000  132.2450,-47.7630 135.5950,-47.7630 135.5950,-17.8030 132.2450,-17.8030;
ADD P17 :W0.000000  133.1450,-47.7630 133.1450,-52.0443 133.9284,-52.0443 133.9284,-51.2000 134.6950,-51.2000 134.6950,-47.7630;
ADD P17 :W0.000000  134.6950,-51.7000 178.5832,-51.7000 178.5832,-49.1500 134.6950,-49.1500;
ADD P17 :W0.000000  125.1200,-17.8030 142.7200,-17.8030 142.7200,-0.2030 125.1200,-0.2030;
ADD P17 :W0.000000  113.3484,-51.5443 133.1450,-51.5443 133.1450,-49.3243 113.3484,-49.3243;
ADD P17 :W0.000000  87.1300,-49.6603 95.3500,-49.6603 95.3500,-19.0803 87.1300,-19.0803;
ADD P17 :W0.000000  90.4660,-19.0803 92.0160,-19.0803 92.0160,-15.1383 90.4660,-15.1383;
ADD P17 :W0.000000  92.8602,-56.2103 113.3484,-56.2103 113.3484,-44.6603 92.8602,-44.6603;
ADD P17 :W0.000000  92.8602,-49.6603 89.6300,-49.6603 89.6300,-51.2103 91.2451,-50.4353 92.8602,-51.2103;
ADD P17 :W0.000000  69.1316,-56.2103 89.6300,-56.2103 89.6300,-44.6603 69.1316,-44.6603;
ADD P17 :W0.000000  43.3850,-47.7630 53.7350,-47.7630 53.7350,-27.8030 43.3850,-27.8030;
ADD P17 :W0.000000  39.7600,-27.8030 57.3600,-27.8030 57.3600,-10.2030 39.7600,-10.2030;
ADD P17 :W0.000000  -16.1032,-51.2000 47.7850,-51.2000 47.7850,-49.6500 -16.1032,-49.6500;
ADD P17 :W0.000000  -16.1032,-51.2000 -16.1032,-49.6500 -16.0250,-49.6500 -16.0250,-47.7630 -17.5750,-47.7630 -17.5750,-49.5630;
ADD P17 :W0.000000  -21.9750,-47.7630 -11.6250,-47.7630 -11.6250,-27.8030 -21.9750,-27.8030;
ADD P17 :W0.000000  -25.6000,-27.8030 -8.0000,-27.8030 -8.0000,-10.2030 -25.6000,-10.2030;
ADD P17 :W0.000000  178.5050,-49.6500 178.5832,-49.6500 178.5832,-51.2000 180.0550,-49.5630 180.0550,-47.7630 178.5050,-47.7630;
ADD P17 :W0.000000  47.7850,-51.2000 48.5516,-51.2000 48.5516,-52.0443 49.3350,-52.0443 49.3350,-47.7630 47.7850,-47.7630;
ADD P17 :W0.000000  49.3350,-57.0443 69.1316,-57.0443 69.1316,-43.8243 49.3350,-43.8243;
SAVE;
