UNITS MM,10000;EDIT proj;
ADD P1 :W0.000000  -43.0000,-12.8000 -17.6000,-12.8000 -17.6000,-12.4000 -43.0000,-12.4000;
ADD P1 :W0.000000  -43.0000,-13.5000 -17.6000,-13.5000 -17.6000,-13.1000 -43.0000,-13.1000;
ADD P1 :W0.000000  -17.6000,-13.5000 -17.0000,-13.5000 -17.0000,-13.1000 -17.6000,-13.1000;
ADD P1 :W0.000000  -17.6000,-12.8000 -17.0000,-12.8000 -17.0000,-12.4000 -17.6000,-12.4000;
ADD P1 :W0.000000  -17.0000,-12.4000 -17.0000,-12.8000 -16.6000,-12.4000;
ADD P1 :W0.000000  -16.3000,13.2000 -16.3000,-11.8000 -15.9000,-11.8000 -15.9000,13.2000;
ADD P1 :W0.000000  -17.0000,13.2000 -17.0000,-11.8000 -16.6000,-11.8000 -16.6000,13.2000;
ADD P1 :W0.000000  -16.3000,-11.8000 -16.3000,-12.4000 -15.9000,-12.4000 -15.9000,-11.8000;
ADD P1 :W0.000000  -17.0000,-11.8000 -17.0000,-12.4000 -16.6000,-12.4000 -16.6000,-11.8000;
ADD P1 :W0.000000  -16.6000,13.2000 -16.6000,13.8000 -17.0000,13.8000 -17.0000,13.2000;
ADD P1 :W0.000000  -16.3000,13.8000 -16.3000,13.2000 -15.9000,13.2000 -15.9000,13.8000;
ADD P1 :W0.000000  -15.9000,13.8000 -15.9000,14.2000 -16.3000,13.8000;
ADD P1 :W0.000000  10.1000,14.2000 -15.3000,14.2000 -15.3000,13.8000 10.1000,13.8000;
ADD P1 :W0.000000  10.1000,14.9000 -15.3000,14.9000 -15.3000,14.5000 10.1000,14.5000;
ADD P1 :W0.000000  -15.3000,14.9000 -15.9000,14.9000 -15.9000,14.5000 -15.3000,14.5000;
ADD P1 :W0.000000  -15.3000,14.2000 -15.9000,14.2000 -15.9000,13.8000 -15.3000,13.8000;
ADD P1 :W0.000000  -43.0000,-12.4000 -43.6000,-12.4000 -43.6000,-12.8000 -43.0000,-12.8000;
ADD P1 :W0.000000  -44.0000,-13.5000 -43.0000,-13.5000 -43.0000,-13.1000 -44.0000,-13.1000;
ADD P1 :W0.000000  10.1000,14.5000 11.1000,14.5000 11.1000,14.9000 10.1000,14.9000;
ADD P1 :W0.000000  10.1000,13.8000 10.7000,13.8000 10.7000,14.2000 10.1000,14.2000;
SAVE;
